1 244 19 
1 228 45 
1 258 45 
1 214 73 
1 244 73 
1 274 73 
1 198 99 
1 228 99 
1 258 99 
1 289 99 
2 60 127 
2 91 127 
2 121 127 
2 152 127 
3 337 127 
3 368 127 
3 398 127 
3 429 127 
2 75 153 
2 106 153 
2 136 153 
3 352 153 
3 383 153 
3 413 153 
2 91 181 
2 122 181 
3 368 181 
3 399 181 
2 106 207 
3 383 207 
4 109 265 
5 384 265 
4 93 293 
4 123 293 
5 369 293 
5 400 293 
4 78 320 
4 108 320 
4 139 320 
5 354 320 
5 385 320 
5 415 320 
4 63 347 
4 93 347 
4 124 347 
4 154 347 
5 338 347 
5 369 347 
5 399 347 
5 430 347 
6 201 374 
6 231 374 
6 261 374 
6 292 374 
6 215 401 
6 247 401 
6 277 401 
6 232 428 
6 262 428 
6 247 455 
