1 344 119
1 328 145
1 358 145
1 314 173
1 344 173
1 374 173
1 298 199
1 328 199
1 358 199
1 389 199
2 160 227
2 191 227
2 221 227
2 252 227
0 283 227
0 315 227
0 346 227
0 376 227
0 406 227
3 437 227
3 468 227
3 498 227
3 529 227
2 175 253
2 206 253
2 236 253
0 266 253
0 297 253
0 329 253
0 360 253
0 390 253
0 422 253
3 452 253
3 483 253
3 513 253
2 191 281
2 222 281
0 253 281
0 283 281
0 314 281
0 346 281
0 377 281
0 407 281
0 438 281
3 468 281
3 499 281
2 206 307
0 237 307
0 268 307
0 298 307
0 329 307
0 361 307
0 393 309
0 423 309
0 453 309
3 483 307
0 223 336
0 254 336
0 284 336
0 315 336
0 346 336
0 377 335
0 408 335
0 438 335
0 469 335
4 209 365
0 239 365
0 269 365
0 299 365
0 331 365
0 361 365
0 392 365
0 422 365
0 453 365
5 484 365
4 193 393
4 223 393
0 253 393
0 284 393
0 315 393
0 346 393
0 377 393
0 407 393
0 438 393
5 469 393
5 500 393
4 178 420
4 208 420
4 239 420
0 269 420
0 300 420
0 331 420
0 362 420
0 393 420
0 424 420
5 454 420
5 485 420
5 515 420
4 163 447
4 193 447
4 224 447
4 254 447
0 285 447
0 316 447
0 346 447
0 377 447
0 407 447
5 438 447
5 469 447
5 499 447
5 530 447
6 301 474
6 331 474
6 361 474
6 392 474
6 315 501
6 347 501
6 377 501
6 332 528
6 362 528
6 347 555
