244 19 
228 45 
258 45 
214 73 
244 73 
274 73 
198 99 
228 99 
258 99 
289 99 
60 127 
91 127 
121 127 
152 127 
183 127 
215 127 
246 127 
276 127 
306 127 
337 127 
368 127 
398 127 
429 127 
75 153 
106 153 
136 153 
166 153 
197 153 
229 153 
260 153 
290 153 
322 153 
352 153 
383 153 
413 153 
91 181 
122 181 
153 181 
183 181 
214 181 
246 181 
277 181 
307 181 
338 181 
368 181 
399 181 
106 207 
137 207 
168 207 
198 207 
229 207 
261 207 
293 209 
323 209 
353 209 
383 207 
123 236 
154 236 
184 236 
215 236 
246 236 
277 235 
308 235 
338 235 
369 235 
109 265 
139 265 
169 265 
199 265 
231 265 
261 265 
292 265 
322 265 
353 265 
384 265 
93 293 
123 293 
153 293 
184 293 
215 293 
246 293 
277 293 
307 293 
338 293 
369 293 
400 293 
78 320 
108 320 
139 320 
169 320 
200 320 
231 320 
262 320 
293 320 
324 320 
354 320 
385 320 
415 320 
63 347 
93 347 
124 347 
154 347 
185 347 
216 347 
246 347 
277 347 
307 347 
338 347 
369 347 
399 347 
430 347 
201 374 
231 374 
261 374 
292 374 
215 401 
247 401 
277 401 
232 428 
262 428 
247 455 
